0.0000 -2.2506 -4.7685 -6.7875 -8.3635 -9.3061 -9.9449 -10.2109 -10.4016 -10.4912 -10.3828 -9.9196 -9.4176 -8.8478 -8.0892 -7.0915 -5.8193 -4.3219 -2.5521 -0.6191 1.2639 3.3586 5.4943 7.3645 9.0533 10.6265 11.8189 12.8332 13.7700 14.1958
0.0000 9.6240 20.2384 31.9054 44.6394 58.8261 74.4481 91.7545 110.4584 131.1852 152.7587 177.6975 205.0392 262.1606 298.3845 338.0176 381.8137 422.1281 469.2486 515.0928 565.8436 608.1379 629.3433 614.7779 601.1537 585.6089 577.1620 565.6331 553.1728 548.0412
0.0000 -1.0276 -2.0447 -2.9964 -3.8660 -4.6671 -5.3091 -5.8481 -6.3037 -6.6241 -6.9123 -7.2094 -7.5116 -7.8420 -8.1934 -8.5695 -9.0454 -9.5468 -10.0519 -10.5707 -11.0838 -11.5516 -11.9927 -12.3900 -12.7291 -13.0191 -13.2937 -13.5091 -13.6678 -13.7279
0.0000 9.3846 19.8124 31.6451 44.5099 58.9646 74.7668 92.0821 111.0470 131.9842 154.7561 177.1824 198.6659 215.9033 226.5807 232.9403 234.6792 234.2540 229.5682 227.6445 224.8261 223.3744 223.2095 222.1082 219.5507 218.0652 217.6659 217.6872 217.4444 216.7988
0.0000 -0.0691 0.1269 0.3472 0.5506 0.8521 1.3257 1.5736 1.7453 1.9108 2.2995 2.7729 3.1820 3.7971 4.3508 5.1155 6.0697 7.4669 8.9133 11.0679 14.1290 17.9970 23.4156 30.2386 38.4438 47.1468 55.4980 63.3697 69.5684 74.1301
0.0000 0.7936 1.4866 2.1364 2.6902 3.1354 3.4450 3.5884 3.6157 3.5313 3.3625 3.1112 2.8359 2.6017 2.4122 2.2775 2.2157 2.2412 2.3732 2.6117 2.9202 3.2813 3.6449 4.0689 4.5570 4.9827 5.4000 5.7378 6.0218 6.2447
0.0000 0.5324 1.3676 1.4151 1.8237 2.6802 3.6814 5.0094 6.1624 7.7073 9.5102 12.1985 14.5969 19.9613 26.6683 35.0596 44.9332 56.3450 70.3957 85.0898 100.9196 117.8807 137.9083 157.8666 177.5691 196.2033 223.8778 237.1918 260.8327 270.1920
0.0000 -1.7774 -3.4786 -4.8777 -6.0505 -6.8490 -7.2581 -7.3767 -7.3228 -7.0720 -6.8001 -6.4515 -6.0848 -5.7024 -5.3096 -4.9799 -4.7921 -4.7354 -4.7905 -4.9835 -5.2700 -5.6682 -6.0966 -6.5018 -6.9002 -7.2449 -7.5405 -7.8372 -8.0448 -8.1731
0.0000 -0.3371 -0.7422 -1.1230 -1.6459 -2.2715 -3.0610 -4.0567 -5.0637 -6.1108 -7.1013 -7.9252 -8.5985 -9.0937 -9.4111 -9.5680 -9.6100 -9.5325 -9.4169 -9.2198 -8.9392 -8.5420 -8.0805 -7.5411 -7.0112 -6.5351 -6.1350 -5.8064 -5.5824 -5.4108
0.0000 0.7665 1.5813 2.2663 3.0323 4.0026 5.0472 6.4106 7.9365 9.6128 11.8150 14.2565 16.9948 20.2570 24.3447 29.0604 34.1337 39.3190 44.5503 49.4294 53.1265 55.9043 57.8995 59.4132 59.7833 59.5948 59.2684 59.0733 58.7231 58.4387
0.0000 2.6069 5.3208 8.0032 10.6293 13.1336 15.6224 18.2167 20.6304 23.4403 26.0213 28.4200 30.8798 32.9682 35.0406 36.7999 38.1522 39.5640 40.7687 41.6023 42.6481 43.3730 44.1157 44.9930 45.5918 46.2310 46.5405 46.2854 45.9892 45.6170
0.0000 0.0736 0.0837 -0.0388 -0.2085 -0.4550 -0.7040 -0.8730 -0.9737 -1.0165 -0.9508 -0.7260 -0.4399 -0.1167 0.2337 0.5418 0.7191 0.6127 0.2830 -0.3633 -1.3753 -2.7683 -4.4955 -6.4397 -8.5944 -10.6406 -12.4162 -13.6347 -14.4353 -14.8028
0.0000 0.6066 1.2565 1.8174 2.5531 3.3512 4.3909 5.5786 7.0857 9.0454 11.4602 14.1230 16.9099 19.6548 21.9524 23.7327 24.7789 25.2558 25.3165 25.0922 24.7350 24.1659 23.5013 22.8341 22.0876 21.3883 20.6580 20.0301 19.6286 19.4773
0.0000 -0.9078 3.1231 1.4072 0.2318 -2.8066 -3.7664 -3.8586 446.7828 855.8718 931.1816 1012.6976 968.9149 990.6445 955.9547 928.4413 907.5872 893.0118 883.9734 823.8893 826.3890 772.3244 745.4593 723.8302 733.6687 729.1260 749.3654 716.6078 727.8318 695.2074
0.0000 0.0751 0.0645 0.0179 -0.0530 -0.1717 -0.3710 -0.6455 -0.9582 -1.3392 -1.7298 -2.1151 -2.6432 -3.1752 -3.7455 -4.3389 -5.0930 -6.0456 -7.1277 -8.4086 -9.7889 -11.2321 -12.6980 -14.0781 -15.2726 -16.1913 -17.0027 -17.5940 -17.9449 -18.0239
0.0000 -0.7439 -1.5386 -2.3482 -3.2556 -3.9519 -4.6209 -5.4406 -6.1923 -7.0467 -7.9483 -9.0019 -10.2320 -11.5481 -12.9252 -14.3886 -15.9870 -17.5085 -19.0562 -20.3134 -21.5553 -22.6983 -23.6906 -24.4877 -25.1873 -25.7054 -26.1071 -26.4224 -26.6046 -26.5965
0.0000 0.6663 1.2699 1.9033 2.4488 3.0205 3.5154 3.9044 4.3129 4.8892 5.6161 6.5058 7.5981 8.8836 10.2115 11.4907 12.6283 13.5129 14.1715 14.5081 14.4235 14.0035 13.2896 12.1526 10.7088 9.1054 7.4681 6.0821 5.1040 4.7299
0.0000 7.2258 16.0593 25.9105 36.5734 46.3369 54.1284 58.4882 60.8401 60.3524 59.3829 57.8341 56.5488 54.4826 52.9517 51.8882 50.5299 49.7996 48.4780 47.7444 46.7674 45.7755 44.9196 43.8913 42.9481 42.0254 40.5500 39.4321 38.7755 37.7860
0.0000 3.3832 7.3729 11.3160 14.8696 18.2587 20.9293 22.8935 24.1995 25.1098 25.5534 25.4168 25.0694 24.5796 24.1432 23.5081 22.9602 22.6863 22.2680 21.7592 21.4113 20.8672 20.3526 19.7633 19.1825 18.6718 18.0405 17.4244 16.8701 16.6075
0.0000 -5.3182 -10.5056 -15.5835 -19.9536 -23.3290 -25.6540 -27.2297 -27.9985 -27.9634 -27.5154 -26.8796 -25.7882 -24.9659 -24.9182 -25.0684 -25.1077 -25.0636 -25.2751 -25.1248 -24.7105 -24.1834 -23.7908 -23.5144 -23.1977 -22.7812 -22.5141 -21.7341 -20.6442 -19.6344
0.0000 -1.1381 -2.1898 -2.9095 -3.4874 -3.8396 -3.9550 -3.8715 -3.6190 -3.2799 -2.8282 -2.1371 -1.3760 -0.5231 0.6276 1.8674 3.2698 4.6608 5.9698 7.1992 8.3958 9.3333 10.0658 10.6294 10.9894 11.1668 11.3686 11.5066 11.6186 11.7070
0.0000 6.9109 15.2116 24.7704 35.7419 46.9256 58.1467 67.4186 73.2851 77.3509 79.6535 82.4689 84.7963 86.3199 87.9149 90.8751 91.9700 92.6042 92.2422 92.9732 93.9814 94.7189 96.6203 97.9966 99.2708 99.7557 100.3891 100.7594 101.2673 101.1448
0.0000 0.2812 0.5256 0.7793 1.0322 1.2580 1.4962 1.7019 1.8827 2.0059 2.0278 1.9474 1.7725 1.5156 1.0984 0.5991 -0.0059 -0.6681 -1.3266 -2.0191 -2.5990 -3.0995 -3.5453 -3.9452 -4.2874 -4.5704 -4.8477 -5.1168 -5.3601 -5.5457
0.0000 -1.9479 -6.8325 911.9119 1013.4852 1124.9775 1247.1831 1112.7660 1108.9452 988.2829 879.8322 782.0797 694.2463 614.8337 556.7875 622.4603 570.5274 503.3263 442.9877 433.8328 445.2802 499.5055 465.9125 475.0674 417.7854 365.8675 404.8097 381.8999 367.3809 413.9796
0.0000 0.0107 -0.0610 -0.0875 -0.2079 -0.3154 -0.4317 -0.6321 -0.8007 -0.9985 -1.1818 -1.3410 -1.3572 -1.3070 -1.1561 -0.9644 -0.6967 -0.3444 0.1309 0.7666 1.6125 2.6598 3.8464 5.2279 6.6879 8.1951 9.5634 10.7511 11.7505 12.2386
0.0000 -1.7387 -3.4466 -4.7764 -5.7992 -6.4444 -6.7673 -6.7393 -6.5201 -6.1415 -5.6777 -5.0577 -4.4436 -3.7868 -3.0187 -2.2141 -1.3902 -0.6109 0.0792 0.7117 1.2319 1.6829 2.0459 2.2883 2.5680 2.7989 2.9841 3.1053 3.1877 3.2583
0.0000 8.8309 19.3222 31.2069 44.6083 58.4716 73.7349 90.0382 107.3567 123.5242 136.8895 147.4412 148.5670 149.0331 149.3979 150.6038 152.2020 151.7195 150.5267 152.7025 153.6690 155.5568 157.4165 157.7814 159.5817 160.5867 159.6471 159.4735 160.2956 160.5295
0.0000 -0.3046 -0.6092 -0.8761 -1.0983 -1.3369 -1.5317 -1.7238 -1.8857 -2.0235 -2.1583 -2.3114 -2.4733 -2.6649 -2.8717 -3.1164 -3.4256 -3.7756 -4.1464 -4.5227 -4.8869 -5.2340 -5.5532 -5.8411 -6.1022 -6.3397 -6.5313 -6.7303 -6.9144 -7.0546
0.0000 0.7409 1.7545 2.8311 3.9779 4.6013 4.9325 5.3586 6.2364 6.9166 7.4851 8.2059 9.5747 10.6401 11.8298 13.5459 16.3438 20.1684 25.4148 32.7764 41.1790 51.2966 63.2336 76.9549 91.9044 106.1523 119.6256 130.6195 139.5614 145.0116
0.0000 -0.0589 -0.0946 -0.0393 -0.0074 0.1779 0.4501 0.8214 1.3482 1.9979 2.8889 3.8216 4.9403 6.4856 8.4413 11.1201 14.2125 18.0401 22.4282 27.1597 31.7288 35.7768 39.1467 41.1581 42.4254 43.0032 42.9386 42.9030 42.9628 42.9404
0.0000 -2.7015 -5.4451 -7.9799 -10.1380 -12.1788 -14.0566 -15.5685 -16.7573 -17.6239 -18.2420 -18.7018 -19.1665 -19.3846 -19.7017 -19.8302 -19.7578 -19.5500 -19.2725 -18.7665 -18.3564 -17.8536 -17.3933 -16.9282 -16.4119 -15.9384 -15.5135 -15.2801 -15.0769 -14.9283
0.0000 4.4861 9.4491 14.7522 19.3454 22.9636 24.7320 25.4709 25.6793 25.4728 24.7453 23.5404 22.2710 20.4831 18.5113 16.3131 14.3724 12.8379 11.7669 10.7787 9.5648 8.2186 7.3035 6.5428 5.9546 5.3574 4.8678 4.5624 4.0513 3.8306
0.0000 1.6626 3.1758 4.1154 4.6958 5.0283 4.7231 4.3154 4.5024 5.1181 5.7327 6.4659 7.4185 8.7821 9.9685 11.0112 11.9610 12.5282 12.4548 12.2084 11.0378 9.1288 6.3040 2.6263 -1.2099 -5.2527 -8.9706 -11.9670 -14.1630 -15.3870
0.0000 -0.0651 -0.1235 -0.1052 -0.0299 0.1247 0.3801 0.6797 1.0023 1.3521 1.6668 1.9275 2.1204 2.2069 2.1900 2.0572 1.8304 1.5339 1.2512 1.0086 0.8010 0.6829 0.6481 0.6585 0.7247 0.8391 0.9637 1.0577 1.0960 1.1361
0.0000 -0.3969 -0.8617 -1.2855 -1.6523 -1.9089 -1.9891 -2.0059 -2.1136 -2.1834 -2.2246 -2.3046 -2.2202 -1.9624 -1.7158 -1.2831 -0.7915 -0.1973 0.6342 1.6392 2.8710 4.5618 6.7784 9.6437 13.0959 17.2141 21.4018 25.1812 28.0478 29.7619
0.0000 -0.2924 -0.7591 -1.3077 -1.9923 -2.9672 -4.2027 -5.7835 -7.5428 -9.3850 -11.3120 -13.2867 -15.0583 -16.5807 -17.7521 -18.6006 -19.2255 -19.6848 -19.8875 -19.9141 -19.8775 -19.7618 -19.6238 -19.5063 -19.2414 -19.0225 -18.6682 -18.3958 -18.1207 -17.8337
0.0000 0.9209 1.8095 2.5668 3.2925 4.1422 5.0936 6.2047 7.5096 9.0398 10.8778 12.8365 15.0059 17.3206 19.5701 21.9079 24.0200 25.8181 27.5884 28.7550 29.8163 30.6560 31.1387 31.5506 31.8322 31.9785 32.0070 31.9951 32.2351 32.5574
0.0000 -0.1986 -0.4706 -0.7524 -1.1446 -1.7562 -2.4812 -3.4857 -4.5039 -5.4606 -6.2499 -6.8819 -7.2781 -7.5534 -7.5833 -7.5333 -7.3969 -7.0696 -6.5934 -6.0100 -5.0978 -4.0111 -2.5961 -0.9933 0.8546 2.8000 4.7562 6.5903 8.0326 8.9877
0.0000 1.4620 2.8565 4.0397 5.1673 6.1087 6.8694 7.3650 7.7167 7.8449 7.8620 7.7114 7.4554 7.1176 6.7912 6.5066 6.2879 6.1789 6.1383 6.1824 6.2867 6.4319 6.5644 6.6871 6.8364 6.9636 7.0724 7.1275 7.2230 7.3319
0.0000 -0.2800 -0.5950 -0.8898 -1.1562 -1.4477 -1.7216 -2.0402 -2.3854 -2.7335 -3.0898 -3.5173 -3.9880 -4.4487 -4.9631 -5.4932 -6.0498 -6.6455 -7.2214 -7.8115 -8.3413 -8.8253 -9.2385 -9.5993 -9.9095 -10.1540 -10.3533 -10.5288 -10.6847 -10.7748
0.0000 -0.5921 -1.2349 -1.8465 -2.5892 -3.5573 -4.8614 -6.4071 -8.0366 -9.7423 -11.3555 -12.6745 -13.6798 -14.4490 -14.8929 -15.0716 -15.0617 -14.9624 -14.7435 -14.4929 -14.1681 -13.7712 -13.2402 -12.5983 -11.9464 -11.3309 -10.8493 -10.4348 -10.1744 -9.9554
0.0000 -0.2783 -0.4036 -0.2162 0.0710 -0.0433 0.2469 0.8586 1.1395 0.9294 0.1827 -0.5832 -2.0687 -4.4107 -7.4458 -10.2362 -13.9290 -18.1604 -22.3070 -26.0342 -29.5249 -33.1386 -36.2089 -38.6461 -40.4080 -41.5778 -41.8119 -41.3726 -40.8950 -40.3484
0.0000 3.6984 8.4334 13.0123 17.3375 21.0540 24.0255 27.5195 30.7276 33.4033 35.6575 37.3320 38.7017 39.4411 40.0631 40.7917 41.4778 42.4682 43.9715 45.8943 48.6982 51.1921 53.9272 57.6104 61.0286 64.2982 67.0346 68.9343 70.4310 71.2287
0.0000 10.0008 21.0048 33.0939 46.4004 61.0338 77.1415 94.8700 114.3564 135.7874 159.3728 185.3298 213.8610 245.2592 279.8005 317.7870 359.5668 405.5276 456.0804 510.6070 571.6758 636.5884 707.2752 771.6884 836.1516 813.2412 796.4274 753.0192 716.3125 715.4250
0.0000 2.6651 5.8456 9.5082 13.5431 18.2305 24.0682 30.6355 38.4745 46.7562 54.9494 64.0500 74.4819 84.7792 95.7991 104.3697 113.5954 121.6581 128.0090 133.4984 136.8422 140.1603 141.3053 140.1341 140.6168 141.5702 141.0943 141.5077 140.3898 139.6834
0.0000 -0.5337 -1.0181 -1.4492 -1.7674 -1.9865 -2.1119 -2.1347 -2.1019 -1.9996 -1.8617 -1.7031 -1.5483 -1.4075 -1.2621 -1.1645 -1.1110 -1.1471 -1.2046 -1.3015 -1.4322 -1.5911 -1.7548 -1.9233 -2.0547 -2.1626 -2.2582 -2.3255 -2.3956 -2.4513
0.0000 2.1032 4.6649 7.9073 11.1569 15.2735 20.6035 27.2226 35.3513 45.4679 55.9016 67.4599 78.2801 92.0854 107.9700 124.7242 141.6385 157.1870 175.0813 190.6527 201.9724 214.0392 220.4709 227.7673 231.3673 227.2147 224.6981 223.0404 221.4285 221.7127
0.0000 3.1260 6.5161 9.2922 11.5382 13.2054 14.1646 14.5301 14.6283 14.3061 13.9142 13.4138 12.7573 12.1399 11.7839 11.4633 11.3173 11.3265 11.3261 11.3188 11.3482 11.2824 11.2483 11.3407 11.4564 11.6110 11.6761 11.7567 11.7959 11.8384
0.0000 -1.8632 -3.8334 -5.8945 -7.8683 -9.7346 -11.5139 -13.0946 -14.5720 -15.9011 -16.9892 -17.9661 -18.8540 -19.7061 -20.4648 -21.1840 -21.9291 -22.5482 -23.0314 -23.4295 -23.8748 -24.1835 -24.5183 -24.7094 -24.8874 -24.9172 -24.8916 -24.8996 -24.8020 -24.6860
0.0000 1.0003 1.8569 2.5517 3.2004 3.6835 3.9325 3.9536 3.8427 3.4785 2.9470 2.1675 1.1380 -0.0133 -1.3133 -2.6443 -3.9479 -5.0633 -6.0195 -6.9174 -7.6504 -8.2300 -8.6951 -9.1653 -9.5767 -9.9192 -10.1231 -10.3073 -10.4161 -10.4550
0.0000 2.7932 5.9835 8.6029 10.4984 12.0528 13.5122 14.3209 14.8204 15.5281 15.8761 15.3556 14.0642 12.4219 9.7299 5.8700 2.0088 -1.8274 -6.3398 -11.3438 -16.2041 -20.8894 -25.4790 -29.8373 -33.7179 -36.7916 -39.1068 -40.1849 -39.8462 -38.4794
0.0000 -4.5583 -9.6210 -14.2857 -19.0514 -23.8119 -28.3256 -31.7855 -34.5384 -36.2648 -37.4437 -37.9867 -37.4987 -36.5531 -35.7925 -34.9954 -34.6224 -34.4510 -34.7115 -35.1838 -34.9722 -34.5423 -34.3768 -34.2979 -34.1517 -34.0338 -34.1358 -34.1495 -33.6504 -33.0588
0.0000 -0.3754 -0.8450 -1.2792 -1.7497 -2.2695 -2.8083 -3.4801 -4.1641 -4.8940 -5.6475 -6.4516 -7.3552 -8.3162 -9.3109 -10.3636 -11.4620 -12.6200 -13.7665 -14.7945 -15.7771 -16.5893 -17.2958 -17.9471 -18.4296 -18.8099 -19.1193 -19.3702 -19.5212 -19.5185
0.0000 0.2311 0.4906 0.7889 1.0514 1.3223 1.7801 2.2872 2.9097 3.6058 4.5142 5.5086 6.7397 8.1561 9.8907 11.9779 14.2523 16.6865 19.1915 21.4433 23.3888 25.0035 25.9832 26.6838 26.8757 26.9465 26.8283 26.5483 26.4013 26.5294
0.0000 1.3221 2.5157 4.2343 5.9002 7.3714 9.1630 11.1853 13.7741 16.0651 18.4527 21.7934 26.6183 32.3484 38.8011 45.8787 54.7399 64.7339 75.3465 87.4866 98.0619 109.2985 118.3817 125.8631 133.3399 137.1326 141.4291 144.3410 143.8843 144.3792
0.0000 -1.2151 -2.9298 -5.4059 -8.2800 -11.4341 -14.7440 -17.9701 -20.9253 -23.5245 -25.4462 -26.8038 -27.6559 -28.3222 -28.7590 -29.0317 -29.0855 -29.3476 -29.5925 -30.0529 -30.8911 -31.7127 -32.3064 -32.5399 -32.4020 -32.0658 -31.6820 -31.2762 -30.9772 -30.7120
0.0000 1.5560 3.1565 4.6354 5.9530 7.1434 8.1742 9.1545 10.1141 10.9956 11.8503 12.4803 12.9692 13.4208 13.8407 14.3220 14.7851 15.3730 16.0715 16.7439 17.3810 18.1699 19.0088 19.8637 20.6899 21.4727 22.1362 22.6870 23.0891 23.3769
0.0000 9.7757 20.1488 31.6099 44.8474 58.8773 73.9755 88.5804 100.4220 106.4553 103.9318 99.4596 94.3493 88.7319 83.7774 79.3962 76.4341 73.5984 71.5126 68.9711 66.9446 65.3564 62.7253 59.8065 57.5674 56.5421 54.9566 53.9056 53.4383 53.1614
0.0000 0.1719 0.6281 1.2035 1.8920 2.6028 3.4105 4.0859 4.4485 4.4681 4.2724 3.8862 2.8576 1.2210 -1.0624 -3.7479 -7.2074 -10.7244 -14.0260 -16.9465 -18.9270 -20.5667 -21.7902 -22.7481 -23.2735 -23.3566 -23.2583 -23.0572 -23.0801 -23.3635
0.0000 4.7209 10.3878 16.9177 23.3751 29.3318 35.2797 41.5008 47.0447 53.0346 57.9183 61.8191 64.1504 65.9342 67.7068 68.7980 69.2685 70.0383 69.9765 70.2252 70.3906 70.1604 70.4286 70.8234 71.3571 71.2152 69.7271 68.6040 67.7647 66.8734
0.0000 0.7940 1.5615 2.1433 2.7920 3.5540 4.2452 4.8917 5.7186 6.6687 7.7090 8.9269 10.1209 11.4341 13.3588 15.5559 18.3449 21.5175 25.8654 31.1375 37.2929 44.1132 51.4514 59.0169 66.1319 71.7899 76.0725 79.5893 82.0549 84.0891
0.0000 5.0116 11.0311 17.3015 23.5498 28.9753 33.6139 38.0461 41.5390 43.8404 45.1150 46.2843 46.5414 46.4018 45.7212 43.9581 42.3835 40.4849 37.3240 33.2511 28.3888 23.4635 19.0110 14.9689 10.7998 6.6785 3.2133 0.2023 -2.0650 -4.2375
0.0000 -2.0630 -4.1681 -5.9661 -7.6994 -9.1897 -10.3166 -10.9891 -11.3504 -11.4944 -11.5261 -11.4913 -11.4998 -11.4879 -11.4191 -11.2624 -11.0606 -10.8240 -10.5096 -10.1427 -9.8271 -9.5760 -9.3127 -9.1153 -8.9036 -8.7098 -8.5959 -8.6221 -8.6476 -8.5938
0.0000 -0.5362 -1.0274 -1.3755 -1.6360 -1.7921 -1.7936 -1.6817 -1.4552 -1.1460 -0.7937 -0.3254 0.2157 0.8313 1.5286 2.1891 2.8164 3.3616 3.8554 4.2843 4.6217 4.8361 4.9586 4.9916 4.9709 4.8557 4.7280 4.5905 4.4494 4.3973
0.0000 0.7012 1.2186 1.7512 2.1255 2.2877 2.0971 1.5968 0.8939 -0.1035 -1.2905 -2.6160 -3.8205 -4.7796 -5.5773 -6.1249 -6.4661 -6.6120 -6.5676 -6.4113 -6.1234 -5.7532 -5.3092 -4.8616 -4.3464 -3.7991 -3.2139 -2.7133 -2.2806 -2.0538
0.0000 2.1362 4.9951 8.0512 11.3401 14.7743 19.0080 23.3907 28.6067 34.5976 40.2536 45.3599 49.5420 52.9925 55.0189 55.5944 55.5314 55.6801 54.6539 53.2244 51.9540 50.5103 48.9678 47.4440 45.1390 43.3726 41.2459 39.2726 37.1561 35.5158
0.0000 9.8214 20.6073 32.4963 45.5832 60.0664 75.8732 92.7383 111.8205 132.8053 155.8306 193.5758 220.1318 249.6274 283.2636 319.3621 359.1156 401.2836 441.5252 463.7989 455.4067 437.9059 414.1699 392.6340 371.3627 357.5709 348.8981 339.2325 333.2027 321.8845
0.0000 3.0660 6.1359 8.7250 10.7935 12.0728 12.6385 12.6492 12.4486 11.8363 11.1405 10.1818 9.0955 7.8951 6.8481 5.6357 4.7128 4.0046 3.3902 2.9052 2.5414 2.2102 1.8551 1.4736 1.1131 0.9247 0.6683 0.4860 0.4231 0.5195
0.0000 5.1131 11.5088 18.0930 24.5129 29.4392 33.1384 35.6001 36.7920 37.7228 37.7759 36.9322 35.9721 34.6596 33.6520 33.3605 33.0355 32.6312 32.5150 32.6235 32.8815 33.0567 32.9055 33.1946 33.0132 32.6725 32.4935 32.0934 31.6114 30.7226
0.0000 0.3097 0.6708 0.6079 0.8087 1.3074 2.2614 3.1707 4.1810 5.3774 6.3838 7.0942 7.7264 8.4572 8.4873 7.9907 6.5838 4.7367 1.8474 -1.4708 -4.9715 -8.8099 -12.0383 -14.8738 -17.4358 -19.9999 -22.0555 -23.4027 -23.9088 -24.1739
0.0000 1.2914 2.5035 3.5647 4.6061 5.5062 6.2644 6.8937 7.4320 7.9277 8.3023 8.6185 8.9160 9.2153 9.5540 10.0136 10.5347 11.1274 11.8794 12.5780 13.2987 13.9908 14.5846 15.1287 15.5844 15.9111 16.1025 16.2358 16.3726 16.5364
0.0000 0.0310 0.0804 0.2013 0.4146 0.7240 1.2110 1.8770 2.7866 3.8926 5.1774 6.6607 8.4151 10.3913 12.4043 14.2180 15.8198 16.9692 17.7933 18.3151 18.4467 18.3912 18.2482 18.0661 17.7412 17.3984 17.1229 16.9650 16.8776 16.8695
0.0000 2.3016 4.6929 6.8497 8.9773 11.0293 12.8068 14.3386 15.5968 16.6938 17.5717 18.2211 18.6785 19.1044 19.5795 19.9853 20.3857 21.0209 21.6210 22.1540 22.9424 23.6173 24.1389 24.7762 25.2440 25.5459 25.6845 25.7837 25.9095 26.0539
0.0000 -0.0794 -0.1096 -0.1590 -0.1664 -0.1831 -0.2232 -0.2429 -0.2393 -0.1209 0.1135 0.5450 1.0972 1.7656 2.5126 3.2508 3.8739 4.3246 4.5231 4.4770 4.1161 3.3652 2.2568 0.9799 -0.4638 -1.8924 -3.1829 -4.2019 -4.9136 -5.2790
0.0000 9.8012 20.1985 32.0096 45.1850 59.6075 75.5700 92.9899 112.2605 133.3864 156.3224 180.5512 204.9235 225.2942 231.6242 224.5243 215.0208 204.3196 195.9078 186.8082 179.0324 172.1485 166.1071 161.4517 154.5907 149.1851 146.0290 142.2892 138.0306 134.5127
0.0000 0.7436 1.4118 2.0719 2.7646 3.7330 4.7328 5.8947 7.3364 9.0673 11.5477 14.3661 17.7061 21.5935 25.8293 30.0517 33.8046 37.1113 39.7425 41.4440 42.0781 42.3798 42.0836 41.2702 40.2869 39.5882 38.8903 38.2870 38.0034 37.9209
0.0000 1.5572 2.9647 4.0578 4.9344 5.5826 5.7812 5.6451 5.2102 4.5168 3.6375 2.6177 1.5201 0.4766 -0.4179 -1.1009 -1.5750 -1.8279 -1.8836 -1.8385 -1.6676 -1.4592 -1.2644 -1.0435 -0.8125 -0.5904 -0.3513 -0.1309 0.0693 0.2294
0.0000 -4.1668 -8.5627 -12.2570 -16.3997 -21.1529 -25.6396 -29.3460 -33.0888 -37.0067 -40.3100 -43.3107 -46.1408 -48.4278 -49.5379 -49.8332 -49.7308 -48.9231 -48.2367 -47.7934 -47.1669 -46.7313 -46.4334 -46.2363 -46.0056 -45.9485 -46.1735 -46.6169 -46.8329 -46.9864
0.0000 8.0097 16.4287 26.5586 36.7528 48.2663 61.2881 75.8261 91.7703 108.7392 127.1978 147.6647 171.2550 196.0952 301.9404 336.3050 374.3699 416.4306 461.6436 578.0733 636.4297 700.1308 769.7725 845.8330 911.5137 983.2171 1059.3907 1109.2131 1158.7207 1202.8177
0.0000 0.5329 1.1638 1.7633 2.3012 2.8423 3.3829 3.8755 4.3867 4.9538 5.4783 5.9427 6.4123 6.9394 7.4078 7.9902 8.5274 9.1661 9.9403 10.9127 12.1402 13.6245 15.3532 17.3223 19.3526 21.5582 23.5874 25.2791 26.6787 27.4866
0.0000 8.9425 18.8038 29.6767 42.1111 56.0645 71.4410 88.3304 106.2475 124.8406 147.2121 171.6738 198.6223 228.2366 259.9777 294.1384 347.5543 385.6021 420.5956 452.3487 471.1314 479.6235 486.8270 483.6438 481.0232 471.3946 471.3043 473.5833 472.9530 466.5343
0.0000 1.1128 2.5147 3.6827 4.7205 5.7757 6.6665 7.5369 8.5248 9.4343 10.4555 11.2843 11.9079 12.6476 13.2972 13.8132 14.4623 15.2460 16.1766 17.3953 19.0766 21.1758 23.5263 26.2971 29.4199 32.4379 35.2007 37.5301 39.3564 40.3896
0.0000 2.9778 6.1511 9.4716 12.8667 16.0058 17.8733 19.1252 20.0991 20.4749 19.9058 17.9091 15.0358 10.8756 6.1004 0.2803 -4.7101 -8.3405 -10.4519 -11.9258 -13.5784 -15.0602 -15.9723 -15.9904 -15.2995 -14.5279 -14.2712 -14.3484 -15.4215 -15.8910
0.0000 5.0251 8.3665 2.9302 -2.0948 -5.4363 -7.1199 -7.9553 -9.2019 -13.3916 -12.9675 -12.1321 -7.5312 -12.1321 -12.9675 -14.2270 -15.8977 -20.0874 767.9476 855.0700 950.7004 1055.5199 940.2262 936.9490 833.4533 740.4318 656.5866 581.2492 513.1346 463.3466
0.0000 -0.7205 -1.4251 -2.0878 -2.7828 -3.4673 -4.1162 -4.6771 -5.1380 -5.4984 -5.7113 -5.8313 -5.8528 -5.8041 -5.6481 -5.4702 -5.2043 -4.8952 -4.5845 -4.1940 -3.7864 -3.3760 -2.9771 -2.6443 -2.3815 -2.1941 -2.0580 -1.9610 -1.8949 -1.8224
0.0000 0.9570 1.8445 2.5922 3.2009 3.6824 4.0265 4.1644 4.2254 4.1531 3.9957 3.7817 3.5931 3.5341 3.5503 3.6180 3.8817 4.1909 4.6416 5.3685 6.3088 7.4114 8.6966 10.0919 11.5988 13.1684 14.5582 15.7052 16.6481 17.1707
0.0000 0.1920 0.3979 0.6360 0.9024 1.2128 1.5879 2.0455 2.6007 3.2266 3.9279 4.7218 5.5031 6.2186 6.8262 7.3064 7.6181 7.7591 7.7819 7.6452 7.2910 6.7978 6.1172 5.3187 4.5095 3.7236 3.0468 2.5111 2.1382 1.9603
0.0000 -0.1957 -0.2641 -0.2500 -0.1447 0.0274 0.3226 0.7115 1.2227 1.7788 2.4682 3.2816 4.2199 5.2481 6.2954 7.3673 8.4583 9.5093 10.5095 11.3798 12.1008 12.7216 13.2143 13.6290 13.8912 14.0822 14.2745 14.4577 14.6001 14.6940
0.0000 -0.9948 -2.0275 -2.6361 -3.1125 -3.3381 -3.2894 -3.1758 -2.9891 -2.7735 -2.4218 -1.8494 -1.1061 -0.0158 1.3498 3.1692 5.2872 7.7053 10.2549 12.9528 15.6078 17.6949 19.2712 20.3008 20.8794 21.1610 21.4249 21.6235 21.6731 21.7095
0.0000 -0.6192 -0.4026 -1.2384 -1.8135 -4.1216 -3.8636 -4.2728 -5.8963 -10.5756 -13.6301 -12.5669 -12.6083 -12.4747 -14.6144 -14.0152 -14.7414 -11.2389 -12.8183 -13.8227 -16.3890 -17.2422 -17.4588 383.2589 726.0217 791.7825 863.0065 822.7792 840.7215 808.4425
0.0000 2.6126 5.0185 7.4252 9.0553 10.8258 11.6526 12.1611 13.5279 15.7975 18.2728 20.3313 22.3295 24.2387 25.8678 27.4624 28.7316 29.6159 29.9139 28.8967 26.7620 24.2997 20.7264 16.0809 11.5197 7.0269 2.4200 -2.1628 -5.7357 -8.1214
0.0000 15.7102 25.1146 35.5416 48.1482 61.2838 83.0316 98.8850 117.0431 137.2612 158.5025 182.6933 209.5327 237.6541 262.9629 283.5164 295.5438 301.5468 304.5566 300.9488 296.4730 294.3692 290.8479 288.1261 285.5287 285.1094 282.7166 280.7528 281.2975 279.5064
0.0000 -3.8466 -8.0070 -11.7276 -14.7145 -16.9654 -18.3240 -19.0358 -19.1955 -19.1503 -18.9430 -18.2987 -17.7619 -17.1792 -16.8030 -16.2549 -15.4825 -14.6365 -13.7077 -12.5973 -11.6242 -10.8586 -10.0247 -9.0883 -8.0534 -7.1378 -6.3854 -5.4892 -4.7237 -4.1761
0.0000 -2.1660 -4.2617 -6.1211 -7.7628 -9.0603 -9.9886 -10.7036 -11.1984 -11.4486 -11.6192 -11.7675 -11.9633 -12.2568 -12.6006 -12.9452 -13.3604 -13.8350 -14.2812 -14.6392 -15.0175 -15.4072 -15.8418 -16.2054 -16.4870 -16.7968 -17.0680 -17.3339 -17.5010 -17.5103
0.0000 2.8482 5.5418 8.3786 11.2522 13.4254 17.1646 22.9637 29.6779 35.4714 40.9197 49.1903 61.7495 72.7321 87.5357 103.7438 122.3259 142.9915 165.5179 187.0285 213.6399 273.0589 298.1826 323.0134 350.6053 362.2385 381.2793 379.2462 375.3125 375.1362
0.0000 1.4882 3.1636 5.0225 6.7230 7.8946 9.2780 10.5027 12.0176 14.1455 16.8472 19.7612 23.3266 27.6861 32.5093 37.5338 43.0528 49.6137 56.6538 63.3480 69.4458 74.9828 79.7002 83.6982 87.3825 90.5532 91.7051 92.2201 92.7931 92.1383
0.0000 -1.5998 -3.6208 -5.3542 -6.8147 -7.9900 -8.8838 -8.9793 -8.7642 -8.3279 -7.4559 -6.2266 -4.9540 -3.9167 -3.1291 -2.7000 -2.5051 -3.1982 -4.6596 -7.1078 -10.3782 -14.4956 -19.0496 -23.0597 -26.3278 -28.0704 -29.5448 -30.6264 -31.8171 -32.2994
0.0000 2.0811 4.3764 6.9207 9.4206 12.4378 15.5055 19.6992 24.9108 30.9512 37.0557 44.1764 52.5582 60.6466 68.5837 75.2517 80.8371 85.7443 89.6287 92.6856 94.8226 95.7904 96.3056 95.9232 95.1937 95.1911 95.4130 95.0376 94.4147 93.7139
0.0000 0.6571 1.1648 1.6193 1.9005 2.0579 1.8713 1.2033 0.3126 -0.9328 -2.4323 -4.1909 -6.1355 -7.9960 -9.6401 -11.0722 -12.0417 -12.6909 -13.1132 -13.3032 -13.3273 -13.1962 -12.9864 -12.7525 -12.5150 -12.2725 -11.9691 -11.6570 -11.3422 -11.0358
0.0000 1.2736 2.4485 3.5677 4.8873 6.2131 7.6212 9.0006 10.4720 11.6950 12.7535 13.4280 13.7710 13.9272 13.7704 13.3954 12.7466 11.9155 10.9202 9.8758 8.7383 7.5524 6.4957 5.4555 4.5130 3.7363 3.0071 2.4251 1.9813 1.8113
0.0000 1.2562 2.4107 3.4681 4.4277 5.4227 6.1443 6.6529 7.1398 7.3968 7.5861 7.4941 7.1277 6.6736 5.9303 4.9847 3.7845 2.4064 0.9727 -0.3566 -1.6643 -2.7967 -3.9298 -4.9903 -5.9636 -6.9565 -7.7711 -8.4713 -8.9549 -9.1151
0.0000 0.6984 1.3408 1.9809 2.6795 3.3951 4.1461 4.8150 5.4547 5.9846 6.3642 6.6146 6.6953 6.6011 6.3413 5.8875 5.2962 4.5950 3.8526 3.0953 2.4145 1.8240 1.2293 0.7565 0.3468 -0.0124 -0.3382 -0.6348 -0.9132 -1.1258
0.0000 2.8843 5.4001 7.4455 9.1207 12.0849 14.7329 17.2115 19.5569 21.9212 23.6018 24.6884 25.7267 26.0598 26.2718 23.9255 21.7932 18.7393 14.4147 9.3325 4.1148 -0.2909 -3.8833 -7.6457 -11.8881 -15.7948 -18.8554 -21.0429 -22.1510 -22.7992
0.0000 8.9843 19.2705 30.6870 43.5901 57.6018 72.7145 89.6036 106.8113 123.8968 136.4271 142.5440 142.1810 138.5460 134.1577 127.9875 123.8564 120.2790 117.0620 113.2516 110.0507 108.1950 106.6689 104.7432 101.1281 99.0130 96.3982 94.9710 93.1232 92.5636
0.0000 -0.4075 -0.7438 -0.9697 -1.1342 -1.1459 -1.1439 -1.0810 -1.0300 -0.8944 -0.7003 -0.3903 0.1280 0.8755 1.7199 2.9008 4.1689 5.6685 7.6229 9.9450 12.9028 16.3032 20.2154 24.4548 28.7688 32.5145 35.9421 38.5935 40.6273 41.6566
0.0000 -0.1530 -0.8718 -2.4427 -4.4331 -7.0540 -10.2713 -13.8094 -17.6935 -21.8682 -26.0539 -30.1968 -33.3811 -36.2160 -39.1216 -41.8474 -43.5445 -44.1475 -43.7802 -42.6637 -41.7809 -41.3962 -41.0921 -40.8911 -40.6350 -40.0603 -39.4297 -38.9582 -38.7969 -38.9524
0.0000 2.3856 5.0976 7.5226 9.2589 10.2451 10.7734 10.5481 8.9241 6.8453 3.3098 -0.8160 -6.0796 -11.5017 -16.0823 -19.2677 -21.2892 -23.0047 -24.6879 -26.4665 -27.1909 -26.9377 -25.8798 -24.9413 -24.6442 -25.2957 -25.9982 -26.6708 -27.1339 -26.8736
0.0000 0.0786 0.1659 0.2069 0.1678 0.0077 -0.2750 -0.6953 -1.0962 -1.5204 -1.9140 -2.1936 -2.4030 -2.5047 -2.4657 -2.3320 -2.0769 -1.7412 -1.3273 -0.8188 -0.2996 0.2696 0.8041 1.3027 1.7589 2.1332 2.4421 2.7137 2.8879 3.0368
0.0000 -0.0832 0.0296 -0.0242 -0.2476 -0.6507 -1.4104 -2.6869 -4.7271 -7.3558 -10.0141 -13.0864 -16.7018 -20.6114 -24.4213 -28.1559 -32.3785 -36.5401 -40.4656 -44.0809 -47.0138 -48.7561 -49.2910 -48.9305 -47.9884 -47.0204 -46.1792 -45.1435 -43.9053 -43.0527
0.0000 1.6620 3.3999 5.0396 7.0192 9.2343 11.6150 14.4017 17.6857 21.2746 24.8945 28.2132 30.9427 33.0575 34.5468 35.4259 35.7687 35.5897 35.2055 34.5907 33.9402 33.0437 32.0934 30.7340 29.3381 27.7549 26.1485 24.7277 23.5036 22.4775
0.0000 -2.0402 -4.2252 -6.1019 -7.9033 -9.3271 -10.3819 -10.9967 -11.2237 -11.2826 -11.1906 -10.9626 -10.6759 -10.3687 -10.0544 -9.5823 -8.9810 -8.2443 -7.3199 -6.2548 -5.3275 -4.4747 -3.6266 -2.8376 -2.1346 -1.4807 -0.8281 -0.3087 0.1112 0.4212
0.0000 2.6707 5.8114 8.7224 11.3448 13.7686 15.6530 17.5449 19.3843 20.8633 22.1318 22.8576 23.5152 23.7989 24.1953 24.6131 25.1566 25.6729 26.4642 27.4830 28.8325 30.2583 31.8261 33.3627 34.8195 36.1651 37.1550 37.9682 38.4677 38.9514
0.0000 1.6086 2.9694 4.4106 6.0187 7.7883 9.8039 12.3877 15.3587 19.5491 24.2773 29.8133 36.2009 42.4580 49.0055 54.6834 59.1595 62.7886 65.4047 66.6752 67.5199 66.8870 66.2950 65.1639 63.9736 63.0731 62.1298 61.0141 60.0225 59.3407
0.0000 0.0807 0.2079 0.3791 0.5912 0.8350 1.1253 1.4508 1.8403 2.2526 2.7172 3.2516 3.7797 4.3413 4.8593 5.3515 5.8353 6.2485 6.6699 7.1126 7.4813 7.8070 8.0807 8.3523 8.5895 8.7557 8.9052 8.9828 9.0278 9.0786
0.0000 0.0000 4.8310 0.4838 749.7749 792.2865 836.7332 883.5920 932.8697 984.5596 1038.6683 1095.6729 1155.5802 1218.3834 1152.6843 1090.3648 1030.9413 1043.9831 1060.8950 1090.8419 1069.5895 1056.0640 1022.2469 1036.2561 1027.0779 1009.6822 1015.4807 959.9274 960.4045 927.5549
0.0000 9.3600 19.7607 31.7418 44.9233 59.2090 75.1426 92.2419 110.8201 131.8813 154.9906 180.4961 206.4419 236.6417 266.3132 295.6226 322.7969 337.5840 337.4421 341.3822 348.7340 356.2773 363.8492 363.0178 366.6954 366.5699 366.0344 363.9659 360.5504 361.0801
0.0000 0.5254 1.0408 1.5763 2.2447 2.9998 3.9053 4.8956 5.9845 7.1786 8.3544 9.3379 10.0144 10.5272 10.7260 10.7582 10.5991 10.3351 10.0164 9.7786 9.6007 9.5679 9.6207 9.8303 10.1456 10.5174 10.9158 11.2437 11.5095 11.6800
0.0000 0.5612 0.7450 0.7892 0.5725 -0.1590 -1.4240 -3.5289 -6.1078 -9.3334 -12.9436 -16.5796 -19.7329 -22.2082 -24.4351 -26.2535 -28.2185 -29.4863 -30.1512 -30.2672 -30.2907 -30.3358 -30.6913 -31.1940 -31.8849 -32.4572 -32.6262 -32.7936 -32.5005 -32.1017
0.0000 1.4549 3.0854 4.5450 5.9119 7.3061 8.5076 9.8044 11.1480 12.5963 14.1767 15.7543 17.4034 19.0390 20.3940 21.7400 23.3141 24.8598 26.5236 28.7096 31.4663 34.3595 37.8553 41.7225 45.5742 49.3617 52.4720 54.9943 56.6604 57.7209
0.0000 1.2685 2.5038 3.7240 5.0855 6.6035 8.2604 10.0796 11.9230 13.7052 15.3852 16.5826 17.3670 18.0200 18.3105 18.3438 18.2506 18.0089 17.6750 17.2634 16.8600 16.2753 15.6360 15.0034 14.3001 13.5308 12.8464 12.2166 11.9000 11.7551
